53 32.5 0.000161347
53 32.5 0.000161347
53 32.6 0.000204216
53 32.7 0.000229523
53 32.8 0.000257798
53 32.9 0.000289365
53 33 0.000324585
53 33.1 0.000363854
53 33.2 0.000407605
53 33.3 0.000456318
53 33.4 0.000510518
53 33.5 0.000570781
53 33.6 0.000637739
53 33.7 0.000712085
53 33.8 0.000794577
53 33.9 0.000886043
53 34 0.000987391
53 34.1 0.00109961
53 34.2 0.00122378
53 34.3 0.00136108
53 34.4 0.00151279
53 34.5 0.0016803
53 34.6 0.00186515
53 34.7 0.00206897
53 34.8 0.00229355
53 34.9 0.00254085
53 35 0.00281297
53 35.1 0.00311219
53 35.2 0.00344099
53 35.3 0.00380202
53 35.4 0.00419818
53 35.5 0.00463258
53 35.6 0.00510857
53 35.7 0.00562978
53 35.8 0.0062001
53 35.9 0.00682372
53 36 0.00750514
53 36.1 0.00824919
53 36.2 0.00906106
53 36.3 0.00994631
53 36.4 0.0109109
53 36.5 0.0119612
53 36.6 0.0131039
53 36.7 0.0143465
53 36.8 0.0156966
53 36.9 0.0171624
53 37 0.0187529
53 37.1 0.0204773
53 37.2 0.0223456
53 37.3 0.0243684
53 37.4 0.0265568
53 37.5 0.0289229
53 37.6 0.031479
53 37.7 0.0342386
53 37.8 0.0372158
53 37.9 0.0404252
53 38 0.0438827
53 38.1 0.0476047
53 38.2 0.0516084
53 38.3 0.0559122
53 38.4 0.0605353
53 38.5 0.0654975
53 38.6 0.0708201
53 38.7 0.0765251
53 38.8 0.0826353
53 38.9 0.089175
53 39 0.0961691
53 39.1 0.103644
53 39.2 0.111626
53 39.3 0.120144
53 39.4 0.129228
53 39.5 0.138907
53 39.6 0.149214
53 39.7 0.16018
53 39.8 0.171839
53 39.9 0.184226
53 40 0.197376
53 40.1 0.211326
53 40.2 0.226114
53 40.3 0.241778
53 40.4 0.258358
53 40.5 0.275894
53 40.6 0.294426
53 40.7 0.313998
53 40.8 0.334651
53 40.9 0.356429
53 41 0.379375
53 41.1 0.403533
53 41.2 0.428949
53 41.3 0.455666
53 41.4 0.48373
53 41.5 0.513186
53 41.6 0.544078
53 41.7 0.576452
53 41.8 0.610352
53 41.9 0.645821
53 42 0.682904
53 42.1 0.721643
53 42.2 0.762079
53 42.3 0.804253
53 42.4 0.848205
53 42.5 0.893972
53 42.6 0.941591
53 42.7 0.991096
53 42.8 1.04252
53 42.9 1.09589
53 43 1.15124
53 43.1 1.2086
53 43.2 1.26797
53 43.2 1.26797
53.1 43.3 1.24713
53.2 43.4 1.26461
53.3 43.5 1.28083
53.4 43.6 1.29574
53.5 43.7 1.30927
53.6 43.8 1.32138
53.7 43.9 1.33204
53.8 44 1.3412
53.9 44.1 1.34884
54 44.2 1.35492
54.1 44.3 1.35942
54.2 44.4 1.36234
54.3 44.5 1.36365
54.4 44.6 1.36335
54.5 44.7 1.36146
54.6 44.8 1.35796
54.7 44.9 1.35288
54.8 45 1.34622
54.9 45.1 1.33803
55 45.2 1.32832
55.1 45.3 1.31712
55.1 45.3 1.31712
55.1 45.4 1.42875
55.1 45.5 1.48032
55.1 45.6 1.53275
55.1 45.7 1.58599
55.1 45.8 1.64001
55.1 45.9 1.69476
55.1 46 1.75018
55.1 46.1 1.80624
55.1 46.2 1.86286
55.1 46.3 1.92001
55.1 46.4 1.9776
55.1 46.5 2.03559
55.1 46.6 2.09391
55.1 46.7 2.15248
55.1 46.8 2.21124
55.1 46.9 2.27012
55.1 47 2.32904
